PULSENAME: FERMIMB
COMMENT: This is a test pulse, do not use
REFGRAD: 1.000000000
MINSLICE: 0.100000001
MAXSLICE: 500.000000000
AMPINT: 250.000000000
POWERINT: 177.000000000
ABSINT: 250.000000000

0.000000000 0.000000000 ; (0)
0.000045398 0.000000000 ; (1)
0.000053124 0.395013615 ; (2)
0.000062165 0.790027229 ; (3)
0.000072744 1.185040844 ; (4)
0.000085124 1.580054458 ; (5)
0.000099610 1.975068073 ; (6)
0.000116562 2.370081688 ; (7)
0.000136397 2.765095302 ; (8)
0.000159608 -3.123076390 ; (9)
0.000186767 -2.728062776 ; (10)
0.000218547 -2.333049161 ; (11)
0.000255733 -1.938035547 ; (12)
0.000299245 -1.543021932 ; (13)
0.000350157 -1.148008317 ; (14)
0.000409728 -0.752994703 ; (15)
0.000479429 -0.357981088 ; (16)
0.000560979 0.037032526 ; (17)
0.000656393 0.432046141 ; (18)
0.000768022 0.827059756 ; (19)
0.000898619 1.222073370 ; (20)
0.001051399 1.617086985 ; (21)
0.001230123 2.012100599 ; (22)
0.001439183 2.407114214 ; (23)
0.001683713 2.802127829 ; (24)
0.001969709 -3.086043864 ; (25)
0.002304172 -2.691030249 ; (26)
0.002695275 -2.296016635 ; (27)
0.003152553 -1.901003020 ; (28)
0.003687126 -1.505989406 ; (29)
0.004311952 -1.110975791 ; (30)
0.005042127 -0.715962176 ; (31)
0.005895216 -0.320948562 ; (32)
0.006891642 0.074065053 ; (33)
0.008055121 0.469078667 ; (34)
0.009413162 0.864092282 ; (35)
0.010997622 1.259105897 ; (36)
0.012845326 1.654119511 ; (37)
0.014998753 2.049133126 ; (38)
0.017506785 2.444146740 ; (39)
0.020425504 2.839160355 ; (40)
0.023819032 -3.049011338 ; (41)
0.027760389 -2.653997723 ; (42)
0.032332325 -2.258984108 ; (43)
0.037628084 -1.863970494 ; (44)
0.043752025 -1.468956879 ; (45)
0.050820001 -1.073943265 ; (46)
0.058959383 -0.678929650 ; (47)
0.068308560 -0.283916035 ; (48)
0.079015754 0.111097579 ; (49)
0.091236922 0.506111194 ; (50)
0.105132535 0.901124808 ; (51)
0.120863017 1.296138423 ; (52)
0.138582678 1.691152037 ; (53)
0.158432037 2.086165652 ; (54)
0.180528622 2.481179267 ; (55)
0.204956476 2.876192881 ; (56)
0.231754933 -3.011978811 ; (57)
0.260907457 -2.616965197 ; (58)
0.292331684 -2.221951582 ; (59)
0.325871960 -1.826937968 ; (60)
0.361295760 -1.431924353 ; (61)
0.398295163 -1.036910738 ; (62)
0.436494148 -0.641897124 ; (63)
0.475461772 -0.246883509 ; (64)
0.514730510 0.148130105 ; (65)
0.553818209 0.543143720 ; (66)
0.592251531 0.938157335 ; (67)
0.629588496 1.333170949 ; (68)
0.665437896 1.728184564 ; (69)
0.699473866 2.123198178 ; (70)
0.731444674 2.518211793 ; (71)
0.761175606 2.913225408 ; (72)
0.788566545 -2.974946285 ; (73)
0.813585359 -2.579932670 ; (74)
0.836258434 -2.184919056 ; (75)
0.856659702 -1.789905441 ; (76)
0.874899343 -1.394891827 ; (77)
0.891113049 -0.999878212 ; (78)
0.905452462 -0.604864597 ; (79)
0.918077110 -0.209850983 ; (80)
0.929147936 0.185162632 ; (81)
0.938822376 0.580176246 ; (82)
0.947250821 0.975189861 ; (83)
0.954574265 1.370203476 ; (84)
0.960922900 1.765217090 ; (85)
0.966415476 2.160230705 ; (86)
0.971159201 2.555244319 ; (87)
0.975250048 2.950257934 ; (88)
0.978773321 -2.937913759 ; (89)
0.981804398 -2.542900144 ; (90)
0.984409544 -2.147886529 ; (91)
0.986646773 -1.752872915 ; (92)
0.988566689 -1.357859300 ; (93)
0.990213298 -0.962845686 ; (94)
0.991624775 -0.567832071 ; (95)
0.992834156 -0.172818456 ; (96)
0.993869982 0.222195158 ; (97)
0.994756869 0.617208773 ; (98)
0.995516021 1.012222387 ; (99)
0.996165680 1.407236002 ; (100)
0.996721523 1.802249617 ; (101)
0.997197015 2.197263231 ; (102)
0.997603709 2.592276846 ; (103)
0.997951517 2.987290460 ; (104)
0.998248931 -2.900881232 ; (105)
0.998503229 -2.505867618 ; (106)
0.998720643 -2.110854003 ; (107)
0.998906512 -1.715840388 ; (108)
0.999065403 -1.320826774 ; (109)
0.999201224 -0.925813159 ; (110)
0.999317320 -0.530799545 ; (111)
0.999416553 -0.135785930 ; (112)
0.999501368 0.259227685 ; (113)
0.999573859 0.654241299 ; (114)
0.999635815 1.049254914 ; (115)
0.999688767 1.444268528 ; (116)
0.999734021 1.839282143 ; (117)
0.999772697 2.234295758 ; (118)
0.999805750 2.629309372 ; (119)
0.999833997 3.024322987 ; (120)
0.999858138 -2.863848706 ; (121)
0.999878768 -2.468835091 ; (122)
0.999896398 -2.073821477 ; (123)
0.999911465 -1.678807862 ; (124)
0.999924341 -1.283794247 ; (125)
0.999935344 -0.888780633 ; (126)
0.999944747 -0.493767018 ; (127)
0.999952783 -0.098753404 ; (128)
0.999959650 0.296260211 ; (129)
0.999965518 0.691273826 ; (130)
0.999970533 1.086287440 ; (131)
0.999974819 1.481301055 ; (132)
0.999978481 1.876314669 ; (133)
0.999981611 2.271328284 ; (134)
0.999984285 2.666341899 ; (135)
0.999986571 3.061355513 ; (136)
0.999988524 -2.826816179 ; (137)
0.999990193 -2.431802565 ; (138)
0.999991619 -2.036788950 ; (139)
0.999992838 -1.641775336 ; (140)
0.999993880 -1.246761721 ; (141)
0.999994770 -0.851748106 ; (142)
0.999995531 -0.456734492 ; (143)
0.999996181 -0.061720877 ; (144)
0.999996736 0.333292737 ; (145)
0.999997211 0.728306352 ; (146)
0.999997617 1.123319967 ; (147)
0.999997963 1.518333581 ; (148)
0.999998259 1.913347196 ; (149)
0.999998513 2.308360810 ; (150)
0.999998729 2.703374425 ; (151)
0.999998914 3.098388039 ; (152)
0.999999072 -2.789783653 ; (153)
0.999999207 -2.394770038 ; (154)
0.999999322 -1.999756424 ; (155)
0.999999421 -1.604742809 ; (156)
0.999999505 -1.209729195 ; (157)
0.999999577 -0.814715580 ; (158)
0.999999639 -0.419701966 ; (159)
0.999999691 -0.024688351 ; (160)
0.999999736 0.370325264 ; (161)
0.999999774 0.765338878 ; (162)
0.999999807 1.160352493 ; (163)
0.999999835 1.555366107 ; (164)
0.999999859 1.950379722 ; (165)
0.999999880 2.345393337 ; (166)
0.999999897 2.740406951 ; (167)
0.999999912 3.135420566 ; (168)
0.999999925 -2.752751127 ; (169)
0.999999936 -2.357737512 ; (170)
0.999999945 -1.962723898 ; (171)
0.999999953 -1.567710283 ; (172)
0.999999960 -1.172696668 ; (173)
0.999999966 -0.777683054 ; (174)
0.999999971 -0.382669439 ; (175)
0.999999975 0.012344175 ; (176)
0.999999979 0.407357790 ; (177)
0.999999982 0.802371405 ; (178)
0.999999984 1.197385019 ; (179)
0.999999987 1.592398634 ; (180)
0.999999989 1.987412248 ; (181)
0.999999990 2.382425863 ; (182)
0.999999992 2.777439478 ; (183)
0.999999993 -3.110732215 ; (184)
0.999999994 -2.715718600 ; (185)
0.999999995 -2.320704986 ; (186)
0.999999996 -1.925691371 ; (187)
0.999999996 -1.530677757 ; (188)
0.999999997 -1.135664142 ; (189)
0.999999997 -0.740650527 ; (190)
0.999999998 -0.345636913 ; (191)
0.999999998 0.049376702 ; (192)
0.999999998 0.444390316 ; (193)
0.999999999 0.839403931 ; (194)
0.999999999 1.234417546 ; (195)
0.999999999 1.629431160 ; (196)
0.999999999 2.024444775 ; (197)
0.999999999 2.419458389 ; (198)
0.999999999 2.814472004 ; (199)
0.999999999 -3.073699689 ; (200)
1.000000000 -2.678686074 ; (201)
1.000000000 -2.283672459 ; (202)
1.000000000 -1.888658845 ; (203)
1.000000000 -1.493645230 ; (204)
1.000000000 -1.098631616 ; (205)
1.000000000 -0.703618001 ; (206)
1.000000000 -0.308604386 ; (207)
1.000000000 0.086409228 ; (208)
1.000000000 0.481422843 ; (209)
1.000000000 0.876436457 ; (210)
1.000000000 1.271450072 ; (211)
1.000000000 1.666463687 ; (212)
1.000000000 2.061477301 ; (213)
1.000000000 2.456490916 ; (214)
1.000000000 2.851504530 ; (215)
1.000000000 -3.036667162 ; (216)
1.000000000 -2.641653548 ; (217)
1.000000000 -2.246639933 ; (218)
1.000000000 -1.851626318 ; (219)
1.000000000 -1.456612704 ; (220)
1.000000000 -1.061599089 ; (221)
1.000000000 -0.666585475 ; (222)
1.000000000 -0.271571860 ; (223)
1.000000000 0.123441755 ; (224)
1.000000000 0.518455369 ; (225)
1.000000000 0.913468984 ; (226)
1.000000000 1.308482598 ; (227)
1.000000000 1.703496213 ; (228)
1.000000000 2.098509828 ; (229)
1.000000000 2.493523442 ; (230)
1.000000000 2.888537057 ; (231)
1.000000000 -2.999634636 ; (232)
1.000000000 -2.604621021 ; (233)
1.000000000 -2.209607407 ; (234)
1.000000000 -1.814593792 ; (235)
1.000000000 -1.419580177 ; (236)
1.000000000 -1.024566563 ; (237)
1.000000000 -0.629552948 ; (238)
1.000000000 -0.234539334 ; (239)
1.000000000 0.160474281 ; (240)
1.000000000 0.555487896 ; (241)
1.000000000 0.950501510 ; (242)
1.000000000 1.345515125 ; (243)
1.000000000 1.740528739 ; (244)
1.000000000 2.135542354 ; (245)
1.000000000 2.530555969 ; (246)
1.000000000 2.925569583 ; (247)
1.000000000 -2.962602109 ; (248)
1.000000000 -2.567588495 ; (249)
1.000000000 -2.172574880 ; (250)
1.000000000 -1.777561266 ; (251)
1.000000000 -1.382547651 ; (252)
1.000000000 -0.987534036 ; (253)
1.000000000 -0.592520422 ; (254)
1.000000000 -0.197506807 ; (255)
1.000000000 0.197506807 ; (256)
1.000000000 0.592520422 ; (257)
1.000000000 0.987534036 ; (258)
1.000000000 1.382547651 ; (259)
1.000000000 1.777561266 ; (260)
1.000000000 2.172574880 ; (261)
1.000000000 2.567588495 ; (262)
1.000000000 2.962602109 ; (263)
1.000000000 -2.925569583 ; (264)
1.000000000 -2.530555969 ; (265)
1.000000000 -2.135542354 ; (266)
1.000000000 -1.740528739 ; (267)
1.000000000 -1.345515125 ; (268)
1.000000000 -0.950501510 ; (269)
1.000000000 -0.555487896 ; (270)
1.000000000 -0.160474281 ; (271)
1.000000000 0.234539334 ; (272)
1.000000000 0.629552948 ; (273)
1.000000000 1.024566563 ; (274)
1.000000000 1.419580177 ; (275)
1.000000000 1.814593792 ; (276)
1.000000000 2.209607407 ; (277)
1.000000000 2.604621021 ; (278)
1.000000000 2.999634636 ; (279)
1.000000000 -2.888537057 ; (280)
1.000000000 -2.493523442 ; (281)
1.000000000 -2.098509828 ; (282)
1.000000000 -1.703496213 ; (283)
1.000000000 -1.308482598 ; (284)
1.000000000 -0.913468984 ; (285)
1.000000000 -0.518455369 ; (286)
1.000000000 -0.123441755 ; (287)
1.000000000 0.271571860 ; (288)
1.000000000 0.666585475 ; (289)
1.000000000 1.061599089 ; (290)
1.000000000 1.456612704 ; (291)
1.000000000 1.851626318 ; (292)
1.000000000 2.246639933 ; (293)
1.000000000 2.641653548 ; (294)
1.000000000 3.036667162 ; (295)
1.000000000 -2.851504530 ; (296)
1.000000000 -2.456490916 ; (297)
1.000000000 -2.061477301 ; (298)
1.000000000 -1.666463687 ; (299)
1.000000000 -1.271450072 ; (300)
1.000000000 -0.876436457 ; (301)
1.000000000 -0.481422843 ; (302)
1.000000000 -0.086409228 ; (303)
1.000000000 0.308604386 ; (304)
1.000000000 0.703618001 ; (305)
1.000000000 1.098631616 ; (306)
1.000000000 1.493645230 ; (307)
1.000000000 1.888658845 ; (308)
1.000000000 2.283672459 ; (309)
1.000000000 2.678686074 ; (310)
0.999999999 3.073699689 ; (311)
0.999999999 -2.814472004 ; (312)
0.999999999 -2.419458389 ; (313)
0.999999999 -2.024444775 ; (314)
0.999999999 -1.629431160 ; (315)
0.999999999 -1.234417546 ; (316)
0.999999999 -0.839403931 ; (317)
0.999999998 -0.444390316 ; (318)
0.999999998 -0.049376702 ; (319)
0.999999998 0.345636913 ; (320)
0.999999997 0.740650527 ; (321)
0.999999997 1.135664142 ; (322)
0.999999996 1.530677757 ; (323)
0.999999996 1.925691371 ; (324)
0.999999995 2.320704986 ; (325)
0.999999994 2.715718600 ; (326)
0.999999993 3.110732215 ; (327)
0.999999992 -2.777439478 ; (328)
0.999999990 -2.382425863 ; (329)
0.999999989 -1.987412248 ; (330)
0.999999987 -1.592398634 ; (331)
0.999999984 -1.197385019 ; (332)
0.999999982 -0.802371405 ; (333)
0.999999979 -0.407357790 ; (334)
0.999999975 -0.012344175 ; (335)
0.999999971 0.382669439 ; (336)
0.999999966 0.777683054 ; (337)
0.999999960 1.172696668 ; (338)
0.999999953 1.567710283 ; (339)
0.999999945 1.962723898 ; (340)
0.999999936 2.357737512 ; (341)
0.999999925 2.752751127 ; (342)
0.999999912 -3.135420566 ; (343)
0.999999897 -2.740406951 ; (344)
0.999999880 -2.345393337 ; (345)
0.999999859 -1.950379722 ; (346)
0.999999835 -1.555366107 ; (347)
0.999999807 -1.160352493 ; (348)
0.999999774 -0.765338878 ; (349)
0.999999736 -0.370325264 ; (350)
0.999999691 0.024688351 ; (351)
0.999999639 0.419701966 ; (352)
0.999999577 0.814715580 ; (353)
0.999999505 1.209729195 ; (354)
0.999999421 1.604742809 ; (355)
0.999999322 1.999756424 ; (356)
0.999999207 2.394770038 ; (357)
0.999999072 2.789783653 ; (358)
0.999998914 -3.098388039 ; (359)
0.999998729 -2.703374425 ; (360)
0.999998513 -2.308360810 ; (361)
0.999998259 -1.913347196 ; (362)
0.999997963 -1.518333581 ; (363)
0.999997617 -1.123319967 ; (364)
0.999997211 -0.728306352 ; (365)
0.999996736 -0.333292737 ; (366)
0.999996181 0.061720877 ; (367)
0.999995531 0.456734492 ; (368)
0.999994770 0.851748106 ; (369)
0.999993880 1.246761721 ; (370)
0.999992838 1.641775336 ; (371)
0.999991619 2.036788950 ; (372)
0.999990193 2.431802565 ; (373)
0.999988524 2.826816179 ; (374)
0.999986571 -3.061355513 ; (375)
0.999984285 -2.666341899 ; (376)
0.999981611 -2.271328284 ; (377)
0.999978481 -1.876314669 ; (378)
0.999974819 -1.481301055 ; (379)
0.999970533 -1.086287440 ; (380)
0.999965518 -0.691273826 ; (381)
0.999959650 -0.296260211 ; (382)
0.999952783 0.098753404 ; (383)
0.999944747 0.493767018 ; (384)
0.999935344 0.888780633 ; (385)
0.999924341 1.283794247 ; (386)
0.999911465 1.678807862 ; (387)
0.999896398 2.073821477 ; (388)
0.999878768 2.468835091 ; (389)
0.999858138 2.863848706 ; (390)
0.999833997 -3.024322987 ; (391)
0.999805750 -2.629309372 ; (392)
0.999772697 -2.234295758 ; (393)
0.999734021 -1.839282143 ; (394)
0.999688767 -1.444268528 ; (395)
0.999635815 -1.049254914 ; (396)
0.999573859 -0.654241299 ; (397)
0.999501368 -0.259227685 ; (398)
0.999416553 0.135785930 ; (399)
0.999317320 0.530799545 ; (400)
0.999201224 0.925813159 ; (401)
0.999065403 1.320826774 ; (402)
0.998906512 1.715840388 ; (403)
0.998720643 2.110854003 ; (404)
0.998503229 2.505867618 ; (405)
0.998248931 2.900881232 ; (406)
0.997951517 -2.987290460 ; (407)
0.997603709 -2.592276846 ; (408)
0.997197015 -2.197263231 ; (409)
0.996721523 -1.802249617 ; (410)
0.996165680 -1.407236002 ; (411)
0.995516021 -1.012222387 ; (412)
0.994756869 -0.617208773 ; (413)
0.993869982 -0.222195158 ; (414)
0.992834156 0.172818456 ; (415)
0.991624775 0.567832071 ; (416)
0.990213298 0.962845686 ; (417)
0.988566689 1.357859300 ; (418)
0.986646773 1.752872915 ; (419)
0.984409544 2.147886529 ; (420)
0.981804398 2.542900144 ; (421)
0.978773321 2.937913759 ; (422)
0.975250048 -2.950257934 ; (423)
0.971159201 -2.555244319 ; (424)
0.966415476 -2.160230705 ; (425)
0.960922900 -1.765217090 ; (426)
0.954574265 -1.370203476 ; (427)
0.947250821 -0.975189861 ; (428)
0.938822376 -0.580176246 ; (429)
0.929147936 -0.185162632 ; (430)
0.918077110 0.209850983 ; (431)
0.905452462 0.604864597 ; (432)
0.891113049 0.999878212 ; (433)
0.874899343 1.394891827 ; (434)
0.856659702 1.789905441 ; (435)
0.836258434 2.184919056 ; (436)
0.813585359 2.579932670 ; (437)
0.788566545 2.974946285 ; (438)
0.761175606 -2.913225408 ; (439)
0.731444674 -2.518211793 ; (440)
0.699473866 -2.123198178 ; (441)
0.665437896 -1.728184564 ; (442)
0.629588496 -1.333170949 ; (443)
0.592251531 -0.938157335 ; (444)
0.553818209 -0.543143720 ; (445)
0.514730510 -0.148130105 ; (446)
0.475461772 0.246883509 ; (447)
0.436494148 0.641897124 ; (448)
0.398295163 1.036910738 ; (449)
0.361295760 1.431924353 ; (450)
0.325871960 1.826937968 ; (451)
0.292331684 2.221951582 ; (452)
0.260907457 2.616965197 ; (453)
0.231754933 3.011978811 ; (454)
0.204956476 -2.876192881 ; (455)
0.180528622 -2.481179267 ; (456)
0.158432037 -2.086165652 ; (457)
0.138582678 -1.691152037 ; (458)
0.120863017 -1.296138423 ; (459)
0.105132535 -0.901124808 ; (460)
0.091236922 -0.506111194 ; (461)
0.079015754 -0.111097579 ; (462)
0.068308560 0.283916035 ; (463)
0.058959383 0.678929650 ; (464)
0.050820001 1.073943265 ; (465)
0.043752025 1.468956879 ; (466)
0.037628084 1.863970494 ; (467)
0.032332325 2.258984108 ; (468)
0.027760389 2.653997723 ; (469)
0.023819032 3.049011338 ; (470)
0.020425504 -2.839160355 ; (471)
0.017506785 -2.444146740 ; (472)
0.014998753 -2.049133126 ; (473)
0.012845326 -1.654119511 ; (474)
0.010997622 -1.259105897 ; (475)
0.009413162 -0.864092282 ; (476)
0.008055121 -0.469078667 ; (477)
0.006891642 -0.074065053 ; (478)
0.005895216 0.320948562 ; (479)
0.005042127 0.715962176 ; (480)
0.004311952 1.110975791 ; (481)
0.003687126 1.505989406 ; (482)
0.003152553 1.901003020 ; (483)
0.002695275 2.296016635 ; (484)
0.002304172 2.691030249 ; (485)
0.001969709 3.086043864 ; (486)
0.001683713 -2.802127829 ; (487)
0.001439183 -2.407114214 ; (488)
0.001230123 -2.012100599 ; (489)
0.001051399 -1.617086985 ; (490)
0.000898619 -1.222073370 ; (491)
0.000768022 -0.827059756 ; (492)
0.000656393 -0.432046141 ; (493)
0.000560979 -0.037032526 ; (494)
0.000479429 0.357981088 ; (495)
0.000409728 0.752994703 ; (496)
0.000350157 1.148008317 ; (497)
0.000299245 1.543021932 ; (498)
0.000255733 1.938035547 ; (499)
0.000218547 2.333049161 ; (500)
0.000186767 2.728062776 ; (501)
0.000159608 3.123076390 ; (502)
0.000136397 -2.765095302 ; (503)
0.000116562 -2.370081688 ; (504)
0.000099610 -1.975068073 ; (505)
0.000085124 -1.580054458 ; (506)
0.000072744 -1.185040844 ; (507)
0.000062165 -0.790027229 ; (508)
0.000053124 -0.395013615 ; (509)
0.000045398 -0.000000000 ; (510)
0.000000000 0.000000000 ; (511)
